9.7251565947 12.0022891636
19.2000390396 20.6403128595
28.4388365662 28.9304550610
37.4546070728 36.8877708235
46.2593934701 44.5261227134
54.8643253615 51.8583000894
63.2797082153 58.8961237648
71.5151018264 65.6505381518
79.5793895661 72.1316926489
87.4808396831 78.3490137486
95.2271597197 84.3112691134
102.8255449422 90.0266246748
110.2827215550 95.5026956567
117.6049853490 100.7465922888
124.7982363465 105.7649608671
131.8680099228 110.5640207291
138.8195048199 115.1495976289
145.6576084113 119.5271539360
152.3869195286 123.7018160238
159.0117691217 127.6783991669
165.5362389889 131.4614302261
171.9641787839 135.0551683650
178.2992214811 138.4636240134
184.5447974605 141.6905762647
190.7041473517 144.7395888756
196.7803337640 147.6140250143
202.7762520123 150.3170608883
208.6946399393 152.8516983679
214.5380869213 155.2207767081
220.3090421378 157.4269834615
226.0098221762 159.4728646636
231.6426180362 161.3608343643
237.2095015923 163.0931835699
242.7124315681 164.6720886543
248.1532590696 166.0996192915
253.5337327235 167.3777459536
258.8555034600 168.5083470176
264.1201289782 169.4932155136
269.3290779280 170.3340655481
274.4837338404 171.0325384280
279.5853988355 171.5902085086
284.6352971345 172.0085887860
289.6345784011 172.2891362488
294.5843209332 172.4332570031
299.4855347266 172.4423111819
304.3391644279 172.3176176448
309.1460921923 172.0604584753
313.9071404620 171.6720832788
318.6230746747 171.1537132837
323.2946059145 170.5065452447
327.9223935118 169.7317551506
332.5070475995 168.8305017327
337.0491316288 167.8039297740
341.5491648492 166.6531732170
346.0076247527 165.3793580682
350.4249494826 163.9836050978
354.8015402066 162.4670323345
359.1377634519 160.8307573554
363.4339533984 159.0758993701
367.6904141286 157.2035811029
371.9074218290 155.2149304744
376.0852269397 153.1110820860
380.2240562478 150.8931785125
384.3241149209 148.5623714078
388.3855884769 146.1198224300
392.4086446862 143.5667039935
396.3934354039 140.9041998550
400.3400983284 138.1335055417
404.2487586850 135.2558286315
408.1195308323 132.2723888928
411.9525197898 129.1844182939
415.7478226867 125.9931608917
419.5055301310 122.6998726074
423.2257274988 119.3058209017
426.9084961453 115.8122843549
430.5539145372 112.2205521640
434.1620593082 108.5319235646
437.7330062399 104.7477071849
441.2668311681 100.8692203426
444.7636108187 96.8977882895
448.2234235731 92.8347434140
451.6463501678 88.6814244070
455.0324743286 84.4391753979
458.3818833432 80.1093450682
461.6946685745 75.6932857472
464.9709259171 71.1923524956
468.2107562003 66.6079021837
471.4142655393 61.9412925658
474.5815656381 57.1938813583
477.7127740470 52.3670253238
480.8080143760 47.4620793646
483.8674164685 42.4803956302
486.8911165362 37.4233226406
489.8792572589 32.2922044285
492.8319878507 27.0883797027
495.7494640959 21.8131810353
498.6318483551 16.4679340732
501.4793095466 11.0539567772
504.2920231018 5.5725586887
507.0701708993 0.0250402257
