45818985595.8735733032 4476904881.4336271286
45278235309.0492324829 8918688960.5866680145
44384541362.7584609985 13291008619.4143142700
43148944012.5693588257 17561029425.4092407227
41586335509.4818267822 21698073029.4357299805
39714950378.5010452271 25674148027.5088195801
37555779263.4074935913 29464345613.2900772095
35131945319.3572692871 33047093253.5352745056
32468079719.1231727600 36404270994.1273269653
29589727275.8456268311 39521204083.4995193481
26522805761.2810058594 42386551721.7155914307
23293134485.8307952881 44992114832.5319137573
19926040143.9650726318 47332586186.9433135986
16446041512.9354877472 49405264614.6766510010
12876609670.4924163818 51209752139.1942367554
9239997024.2477531433 52747649321.0119705200
5557126475.8001060486 54022260419.4753265381
1847531220.8332319260 55038316550.7559661865
-1870664280.2659425735 55801722045.3009872437
-5580731016.4410495758 56319326784.8676071167
-9267297728.5976257324 56598725434.1476364136
-12916295595.5105628967 56648083127.0954360962
-16514890960.8699913025 56475986247.7918472290
-20051410680.0603370667 56091316375.3374938965
-23515263692.7581100464 55503145160.1514587402
-26896861584.5954589844 54720647792.9526748657
-30187540192.9692611694 53753032757.6717605591
-33379483732.3559417725 52609485678.1811065674
-36465652450.7349014282 51299125240.1112136841
-39439714465.6363372803 49830969366.9723663330
-42295982150.0648803711 48213910036.0367355347
-45029353230.0598907471 46456695321.7831954956
-47635256603.4092864990 44567917445.5649719238
-50109602781.3321914673 42556005785.2354660034
-52448738781.9461898804 40429223955.7802429199
-54649407257.9471206665 38195670211.1268997192
-56708709614.6250534058 35863280538.8077545166
-58624072862.9354553223 33439833924.1932487488
-60393219951.7821273804 30932959351.0674629211
-62014143330.8163604736 28350144181.9735832214
-63485081507.5305633545 25698743626.6056098938
-64804498378.4364395142 22985991061.0732269287
-65971065132.3483123779 20219009006.5071716309
-66983644543.2892303467 17404820613.4466400146
-67841277490.6313171387 14550361529.8509845734
-68543171564.3192214966 11662492056.3507843018
-69088691633.1182556152 8748009513.3014106750
-69477352273.6118621826 5813660760.9989910126
-69708811977.0736846924 2866154827.6163797379
-69782869070.3530273438 -87824390.5420422554
-69699459305.5816955566 -3041605384.6412448883
-69458655091.9134826660 -5988516268.2857999802
-69060666360.7441406250 -8921872013.1164264679
-68505843074.0414123535 -11834961706.3583412170
-67794679403.6580581665 -14721035854.0432548523
-66927819627.9170989990 -17573293758.4344863892
-65906065810.4464263916 -20384871005.5704040527
-64730387345.2751159668 -23148827109.0592498779
-63401932471.6279296875 -25858133369.6561851501
-61922041881.6584243774 -28505661027.1795768738
-60292264564.4678573608 -31084169802.5377693176
-58514376049.9952392578 -33586296953.7199859619
-56590399236.4364471436 -36004547001.3677368164
-54522628004.2932662964 -38331282317.9394836426
-52313653838.2814941406 -40558714820.6136245728
-49966395694.1699142456 -42678899063.1956558228
-47484133359.8347244263 -44683727087.8002166748
-44870544566.5775222778 -46564925474.4839706421
-42129746105.6450042725 -48314055117.9030380249
-39266339192.7234725952 -49922514366.0473556519
-36285459295.8428955078 -51381546278.6231994629
-33192830594.3562240601 -52682250902.8475570679
-29994825161.8448867798 -53815603622.8063659668
-26698526855.7522239685 -54772480814.6118164062
-23311799741.3136901855 -55543694231.2777786255
-19843360665.1214675903 -56120035744.0585327148
-16302855310.8019523621 -56492334273.1302566528
-12700936700.6767997742 -56651526937.4470291138
-9049344637.0615501404 -56588746622.6715316772
-5360983989.8321342468 -56295428280.5699386597
-1649999020.8346509933 -55763436296.6054229736
2068159915.0851569176 -54985215146.5438003540
5776681932.3407812119 -53953965246.9951782227
9457359164.4090652466 -52663845316.0844268799
13090575163.3874168396 -51110201616.7474441528
16655326115.5326118469 -49289823071.9623184204
20129283775.6559600830 -47201219343.9721145630
23488909606.4075508118 -44844916512.9129867554
26709629599.1988372803 -42223761984.9645004272
29766078371.6731071472 -39343226806.0362930298
32632419090.3767547607 -36211689877.9125671387
35282742304.9455261230 -32840685045.3626327515
37691541765.4302520752 -29245089180.0091438293
39834258797.7925872803 -25443227894.7401962280
41687879200.2795791626 -21456876095.0954513550
43231558613.6076126099 -17311133835.9427108765
44447244967.4614181519 -13034164255.8754119873
45320261194.8316116333 -8656789601.6085929871
45839809212.2579345703 -4211952831.9149093628
45999358160.6552429199 265935293.7267856598
